9.55507755 30.3925457 5.17070484
9.58569527 30.42775726 5.23267794
9.59398556 30.44411659 5.29212189
9.58083534 30.44625473 5.29924822
9.58490562 30.46603394 5.3173461
9.59530067 30.46996689 5.30050278
9.59740162 30.49094009 5.31312418
9.61924458 30.49575233 5.3445611
9.63801289 30.50773048 5.35761118
9.72960377 30.64764977 5.55967999
9.71807098 30.6510582 5.56907892
9.73189926 30.65915489 5.57747316
9.7413044 30.67200661 5.57496023
9.7567091 30.68405533 5.57484007
9.74747658 30.69068718 5.59528399
9.74610138 30.6910553 5.61261606
9.75186729 30.69838142 5.62717581
9.76054382 30.71492195 5.65623188
9.77076721 30.70371819 5.67697191
9.77274418 30.73166847 5.7364831
9.7628727 30.73638344 5.74707413
9.76712608 30.73290062 5.76669884
9.72979927 30.76211166 5.90935516
9.70750332 30.77389717 5.9858861
9.7049017 30.78023529 6.01419497
9.69263172 30.78995514 6.02265501
9.70387459 30.77814102 6.03472996
9.69781017 30.78037834 6.05952597
9.68640518 30.78116989 6.07754517
9.67431545 30.79371643 6.0697999
9.66235638 30.79962921 6.09880114
9.65749741 30.80277634 6.11498308
9.66194153 30.79819679 6.16716719
9.64144897 30.80982399 6.19489384
9.6271677 30.82070351 6.19895983
9.6061964 30.83872795 6.19860792
9.61017704 30.82997513 6.33211422
9.50619602 30.90224457 6.51669598
9.48633862 30.92004967 6.58915091
9.46137905 30.93771935 6.59079695
9.43894482 31.06938934 6.71303797
9.52927494 31.10602188 6.81658792
