10.41003895 30.24637032 6.66342402
10.24825001 30.46803665 6.60979986
10.3740654 30.45286369 6.79372215
10.38892269 30.26692009 6.63381195
10.35217285 30.3785038 6.59742117
10.35402203 30.32618332 6.58299923
10.34812546 30.36054802 6.68798399
10.31949902 30.41927528 6.65370417
10.37601852 30.2734127 6.6486721
10.35553741 30.37334633 6.71796989
10.34422016 30.32544708 6.59452486
10.360466 30.38682556 6.71311903
10.33507538 30.31572914 6.64166689
10.37769318 30.27480888 6.67050123
10.34952354 30.34632492 6.64528704
10.36687088 30.37800598 6.69901419
10.38948154 30.26615715 6.67834282
10.35031319 30.38289452 6.68218184
10.34874821 30.39946365 6.65434408
10.37935352 30.38074303 6.66376019
10.36927032 30.367342 6.66188622
