10.30927086 29.78129387 5.45376015
10.27166462 29.81498337 5.39126015
10.20759869 29.85160828 5.38423491
10.26041031 29.82031059 5.48218012
10.21136665 29.85616493 5.44316578
10.2672739 29.81459808 5.46600914
10.24618912 29.83237839 5.42654705
10.27088642 29.81321907 5.4476552
10.25830173 29.82403183 5.44744301
10.21522713 29.8465023 5.37028503
10.23003197 29.83753967 5.39996386
10.27333069 29.81497765 5.4087038
10.19603062 29.86205292 5.43836117
10.29741287 29.79408455 5.461236
10.27777481 29.81006432 5.3772521
10.28149986 29.80597305 5.34687901
10.22634602 29.84001541 5.36186981
